{
 "cells": [
  {
   "cell_type": "code",
   "execution_count": 2,
   "metadata": {
    "collapsed": true
   },
   "outputs": [],
   "source": [
    "import pandas as pd\n"
   ]
  },
  {
   "cell_type": "code",
   "execution_count": 20,
   "metadata": {
    "collapsed": true
   },
   "outputs": [],
   "source": [
    "dataFrame = pd.read_csv('/home/mapper/Documents/Python/GeoPythonExamples/BasicPythonPractice/Kumpula-June-2016-w-metadata.txt'\\\n",
    "                        , skiprows=8)\n"
   ]
  },
  {
   "cell_type": "code",
   "execution_count": 29,
   "metadata": {
    "collapsed": true
   },
   "outputs": [
    {
     "name": "stdout",
     "output_type": "stream",
     "text": [
      "    YEARMODA  TEMP   MAX   MIN  DIFF  DIFF_Min  TEMP_Celsius\n0   20160601  65.5  73.6  54.7  18.9      10.8     18.611111\n1   20160602  65.8  80.8  55.0  25.8      10.8     18.777778\n2   20160603  68.4  77.9  55.6  22.3      12.8     20.222222\n3   20160604  57.5  70.9  47.3  23.6      10.2     14.166667\n4   20160605  51.4  58.3  43.2  15.1       8.2     10.777778\n5   20160606  52.2  59.7  42.8  16.9       9.4     11.222222\n6   20160607  56.9  65.1  45.9  19.2      11.0     13.833333\n7   20160608  54.2  60.4  47.5  12.9       6.7     12.333333\n8   20160609  49.4  54.1  45.7   8.4       3.7      9.666667\n9   20160610  49.5  55.9  43.0  12.9       6.5      9.722222\n10  20160611  54.0  62.1  41.7  20.4      12.3     12.222222\n11  20160612  55.4  64.2  46.0  18.2       9.4     13.000000\n12  20160613  58.3  68.2  47.3  20.9      11.0     14.611111\n13  20160614  59.7  67.8  47.8  20.0      11.9     15.388889\n14  20160615  63.4  70.3  49.3  21.0      14.1     17.444444\n15  20160616  57.8  67.5  55.6  11.9       2.2     14.333333\n16  20160617  60.4  70.7  55.9  14.8       4.5     15.777778\n17  20160618  57.3  62.8  54.0   8.8       3.3     14.055556\n18  20160619  56.3  59.2  54.1   5.1       2.2     13.500000\n19  20160620  59.3  69.1  52.2  16.9       7.1     15.166667\n20  20160621  62.6  71.4  50.4  21.0      12.2     17.000000\n21  20160622  61.7  70.2  55.4  14.8       6.3     16.500000\n22  20160623  60.9  67.1  54.9  12.2       6.0     16.055556\n23  20160624  61.1  68.9  56.7  12.2       4.4     16.166667\n24  20160625  65.7  75.4  57.9  17.5       7.8     18.722222\n25  20160626  69.6  77.7  60.3  17.4       9.3     20.888889\n26  20160627  60.7  70.0  57.6  12.4       3.1     15.944444\n27  20160628  65.4  73.0  55.8  17.2       9.6     18.555556\n28  20160629  65.8  73.2  59.7  13.5       6.1     18.777778\n29  20160630  65.7  72.7  59.2  13.5       6.5     18.722222\n"
     ]
    }
   ],
   "source": [
    "# create a new column based on calculations between different variables\n",
    "# default value sets the column type (ie float)\n",
    "\n",
    "dataFrame['DIFF'] = 0.0\n",
    "dataFrame['DIFF'] = dataFrame['MAX'] - dataFrame['MIN']\n",
    "\n",
    "# you can do calculations directly without first creating the column\n",
    "\n",
    "dataFrame['DIFF_Min'] = dataFrame['TEMP'] - dataFrame['MIN']\n",
    "\n",
    "# convert the fahrenheit temperatures in temp column into celsius \n",
    "\n",
    "dataFrame['TEMP_Celsius'] = (dataFrame['TEMP'] - 32) / (9/5)\n",
    "\n",
    "print(dataFrame)"
   ]
  },
  {
   "cell_type": "code",
   "execution_count": null,
   "metadata": {
    "collapsed": true
   },
   "outputs": [
    {
     "name": "stdout",
     "output_type": "stream",
     "text": [
      "    YEARMODA  TEMP   MAX   MIN  DIFF  DIFF_Min  TEMP_Celsius\n8   20160609  49.4  54.1  45.7   8.4       3.7      9.666667\n9   20160610  49.5  55.9  43.0  12.9       6.5      9.722222\n4   20160605  51.4  58.3  43.2  15.1       8.2     10.777778\n5   20160606  52.2  59.7  42.8  16.9       9.4     11.222222\n10  20160611  54.0  62.1  41.7  20.4      12.3     12.222222\n7   20160608  54.2  60.4  47.5  12.9       6.7     12.333333\n11  20160612  55.4  64.2  46.0  18.2       9.4     13.000000\n18  20160619  56.3  59.2  54.1   5.1       2.2     13.500000\n6   20160607  56.9  65.1  45.9  19.2      11.0     13.833333\n17  20160618  57.3  62.8  54.0   8.8       3.3     14.055556\n3   20160604  57.5  70.9  47.3  23.6      10.2     14.166667\n15  20160616  57.8  67.5  55.6  11.9       2.2     14.333333\n12  20160613  58.3  68.2  47.3  20.9      11.0     14.611111\n19  20160620  59.3  69.1  52.2  16.9       7.1     15.166667\n13  20160614  59.7  67.8  47.8  20.0      11.9     15.388889\n16  20160617  60.4  70.7  55.9  14.8       4.5     15.777778\n26  20160627  60.7  70.0  57.6  12.4       3.1     15.944444\n22  20160623  60.9  67.1  54.9  12.2       6.0     16.055556\n23  20160624  61.1  68.9  56.7  12.2       4.4     16.166667\n21  20160622  61.7  70.2  55.4  14.8       6.3     16.500000\n20  20160621  62.6  71.4  50.4  21.0      12.2     17.000000\n14  20160615  63.4  70.3  49.3  21.0      14.1     17.444444\n27  20160628  65.4  73.0  55.8  17.2       9.6     18.555556\n0   20160601  65.5  73.6  54.7  18.9      10.8     18.611111\n24  20160625  65.7  75.4  57.9  17.5       7.8     18.722222\n29  20160630  65.7  72.7  59.2  13.5       6.5     18.722222\n1   20160602  65.8  80.8  55.0  25.8      10.8     18.777778\n28  20160629  65.8  73.2  59.7  13.5       6.1     18.777778\n2   20160603  68.4  77.9  55.6  22.3      12.8     20.222222\n25  20160626  69.6  77.7  60.3  17.4       9.3     20.888889\n    YEARMODA  TEMP   MAX   MIN  DIFF  DIFF_Min  TEMP_Celsius\n25  20160626  69.6  77.7  60.3  17.4       9.3     20.888889\n2   20160603  68.4  77.9  55.6  22.3      12.8     20.222222\n1   20160602  65.8  80.8  55.0  25.8      10.8     18.777778\n28  20160629  65.8  73.2  59.7  13.5       6.1     18.777778\n29  20160630  65.7  72.7  59.2  13.5       6.5     18.722222\n24  20160625  65.7  75.4  57.9  17.5       7.8     18.722222\n0   20160601  65.5  73.6  54.7  18.9      10.8     18.611111\n27  20160628  65.4  73.0  55.8  17.2       9.6     18.555556\n14  20160615  63.4  70.3  49.3  21.0      14.1     17.444444\n20  20160621  62.6  71.4  50.4  21.0      12.2     17.000000\n21  20160622  61.7  70.2  55.4  14.8       6.3     16.500000\n23  20160624  61.1  68.9  56.7  12.2       4.4     16.166667\n22  20160623  60.9  67.1  54.9  12.2       6.0     16.055556\n26  20160627  60.7  70.0  57.6  12.4       3.1     15.944444\n16  20160617  60.4  70.7  55.9  14.8       4.5     15.777778\n13  20160614  59.7  67.8  47.8  20.0      11.9     15.388889\n19  20160620  59.3  69.1  52.2  16.9       7.1     15.166667\n12  20160613  58.3  68.2  47.3  20.9      11.0     14.611111\n15  20160616  57.8  67.5  55.6  11.9       2.2     14.333333\n3   20160604  57.5  70.9  47.3  23.6      10.2     14.166667\n17  20160618  57.3  62.8  54.0   8.8       3.3     14.055556\n6   20160607  56.9  65.1  45.9  19.2      11.0     13.833333\n18  20160619  56.3  59.2  54.1   5.1       2.2     13.500000\n11  20160612  55.4  64.2  46.0  18.2       9.4     13.000000\n7   20160608  54.2  60.4  47.5  12.9       6.7     12.333333\n10  20160611  54.0  62.1  41.7  20.4      12.3     12.222222\n5   20160606  52.2  59.7  42.8  16.9       9.4     11.222222\n4   20160605  51.4  58.3  43.2  15.1       8.2     10.777778\n9   20160610  49.5  55.9  43.0  12.9       6.5      9.722222\n8   20160609  49.4  54.1  45.7   8.4       3.7      9.666667\n"
     ]
    }
   ],
   "source": [
    "# filtering and updating data\n",
    "\n",
    "w_temps = dataFrame.ix[dataFrame['TEMP_Celsius'] > 15]\n",
    "print(w_temps)\n"
   ]
  },
  {
   "cell_type": "code",
   "execution_count": null,
   "metadata": {
    "collapsed": true
   },
   "outputs": [
    {
     "name": "stdout",
     "output_type": "stream",
     "text": [
      "    YEARMODA  TEMP   MAX   MIN  DIFF  DIFF_Min  TEMP_Celsius\n8   20160609  49.4  54.1  45.7   8.4       3.7      9.666667\n9   20160610  49.5  55.9  43.0  12.9       6.5      9.722222\n4   20160605  51.4  58.3  43.2  15.1       8.2     10.777778\n5   20160606  52.2  59.7  42.8  16.9       9.4     11.222222\n10  20160611  54.0  62.1  41.7  20.4      12.3     12.222222\n7   20160608  54.2  60.4  47.5  12.9       6.7     12.333333\n11  20160612  55.4  64.2  46.0  18.2       9.4     13.000000\n18  20160619  56.3  59.2  54.1   5.1       2.2     13.500000\n6   20160607  56.9  65.1  45.9  19.2      11.0     13.833333\n17  20160618  57.3  62.8  54.0   8.8       3.3     14.055556\n3   20160604  57.5  70.9  47.3  23.6      10.2     14.166667\n15  20160616  57.8  67.5  55.6  11.9       2.2     14.333333\n12  20160613  58.3  68.2  47.3  20.9      11.0     14.611111\n19  20160620  59.3  69.1  52.2  16.9       7.1     15.166667\n13  20160614  59.7  67.8  47.8  20.0      11.9     15.388889\n16  20160617  60.4  70.7  55.9  14.8       4.5     15.777778\n26  20160627  60.7  70.0  57.6  12.4       3.1     15.944444\n22  20160623  60.9  67.1  54.9  12.2       6.0     16.055556\n23  20160624  61.1  68.9  56.7  12.2       4.4     16.166667\n21  20160622  61.7  70.2  55.4  14.8       6.3     16.500000\n20  20160621  62.6  71.4  50.4  21.0      12.2     17.000000\n14  20160615  63.4  70.3  49.3  21.0      14.1     17.444444\n27  20160628  65.4  73.0  55.8  17.2       9.6     18.555556\n0   20160601  65.5  73.6  54.7  18.9      10.8     18.611111\n24  20160625  65.7  75.4  57.9  17.5       7.8     18.722222\n29  20160630  65.7  72.7  59.2  13.5       6.5     18.722222\n1   20160602  65.8  80.8  55.0  25.8      10.8     18.777778\n28  20160629  65.8  73.2  59.7  13.5       6.1     18.777778\n2   20160603  68.4  77.9  55.6  22.3      12.8     20.222222\n25  20160626  69.6  77.7  60.3  17.4       9.3     20.888889\n    YEARMODA  TEMP   MAX   MIN  DIFF  DIFF_Min  TEMP_Celsius\n25  20160626  69.6  77.7  60.3  17.4       9.3     20.888889\n2   20160603  68.4  77.9  55.6  22.3      12.8     20.222222\n1   20160602  65.8  80.8  55.0  25.8      10.8     18.777778\n28  20160629  65.8  73.2  59.7  13.5       6.1     18.777778\n29  20160630  65.7  72.7  59.2  13.5       6.5     18.722222\n24  20160625  65.7  75.4  57.9  17.5       7.8     18.722222\n0   20160601  65.5  73.6  54.7  18.9      10.8     18.611111\n27  20160628  65.4  73.0  55.8  17.2       9.6     18.555556\n14  20160615  63.4  70.3  49.3  21.0      14.1     17.444444\n20  20160621  62.6  71.4  50.4  21.0      12.2     17.000000\n21  20160622  61.7  70.2  55.4  14.8       6.3     16.500000\n23  20160624  61.1  68.9  56.7  12.2       4.4     16.166667\n22  20160623  60.9  67.1  54.9  12.2       6.0     16.055556\n26  20160627  60.7  70.0  57.6  12.4       3.1     15.944444\n16  20160617  60.4  70.7  55.9  14.8       4.5     15.777778\n13  20160614  59.7  67.8  47.8  20.0      11.9     15.388889\n19  20160620  59.3  69.1  52.2  16.9       7.1     15.166667\n12  20160613  58.3  68.2  47.3  20.9      11.0     14.611111\n15  20160616  57.8  67.5  55.6  11.9       2.2     14.333333\n3   20160604  57.5  70.9  47.3  23.6      10.2     14.166667\n17  20160618  57.3  62.8  54.0   8.8       3.3     14.055556\n6   20160607  56.9  65.1  45.9  19.2      11.0     13.833333\n18  20160619  56.3  59.2  54.1   5.1       2.2     13.500000\n11  20160612  55.4  64.2  46.0  18.2       9.4     13.000000\n7   20160608  54.2  60.4  47.5  12.9       6.7     12.333333\n10  20160611  54.0  62.1  41.7  20.4      12.3     12.222222\n5   20160606  52.2  59.7  42.8  16.9       9.4     11.222222\n4   20160605  51.4  58.3  43.2  15.1       8.2     10.777778\n9   20160610  49.5  55.9  43.0  12.9       6.5      9.722222\n8   20160609  49.4  54.1  45.7   8.4       3.7      9.666667\n"
     ]
    }
   ],
   "source": [
    "w_temps2 = dataFrame.ix[(dataFrame['TEMP_Celsius'] > 15) & (dataFrame['YEARMODA'] >= 20160615)]\n",
    "print(w_temps2)\n"
   ]
  },
  {
   "cell_type": "code",
   "execution_count": null,
   "metadata": {
    "collapsed": true
   },
   "outputs": [
    {
     "name": "stdout",
     "output_type": "stream",
     "text": [
      "    YEARMODA  TEMP   MAX   MIN  DIFF  DIFF_Min  TEMP_Celsius\n8   20160609  49.4  54.1  45.7   8.4       3.7      9.666667\n9   20160610  49.5  55.9  43.0  12.9       6.5      9.722222\n4   20160605  51.4  58.3  43.2  15.1       8.2     10.777778\n5   20160606  52.2  59.7  42.8  16.9       9.4     11.222222\n10  20160611  54.0  62.1  41.7  20.4      12.3     12.222222\n7   20160608  54.2  60.4  47.5  12.9       6.7     12.333333\n11  20160612  55.4  64.2  46.0  18.2       9.4     13.000000\n18  20160619  56.3  59.2  54.1   5.1       2.2     13.500000\n6   20160607  56.9  65.1  45.9  19.2      11.0     13.833333\n17  20160618  57.3  62.8  54.0   8.8       3.3     14.055556\n3   20160604  57.5  70.9  47.3  23.6      10.2     14.166667\n15  20160616  57.8  67.5  55.6  11.9       2.2     14.333333\n12  20160613  58.3  68.2  47.3  20.9      11.0     14.611111\n19  20160620  59.3  69.1  52.2  16.9       7.1     15.166667\n13  20160614  59.7  67.8  47.8  20.0      11.9     15.388889\n16  20160617  60.4  70.7  55.9  14.8       4.5     15.777778\n26  20160627  60.7  70.0  57.6  12.4       3.1     15.944444\n22  20160623  60.9  67.1  54.9  12.2       6.0     16.055556\n23  20160624  61.1  68.9  56.7  12.2       4.4     16.166667\n21  20160622  61.7  70.2  55.4  14.8       6.3     16.500000\n20  20160621  62.6  71.4  50.4  21.0      12.2     17.000000\n14  20160615  63.4  70.3  49.3  21.0      14.1     17.444444\n27  20160628  65.4  73.0  55.8  17.2       9.6     18.555556\n0   20160601  65.5  73.6  54.7  18.9      10.8     18.611111\n24  20160625  65.7  75.4  57.9  17.5       7.8     18.722222\n29  20160630  65.7  72.7  59.2  13.5       6.5     18.722222\n1   20160602  65.8  80.8  55.0  25.8      10.8     18.777778\n28  20160629  65.8  73.2  59.7  13.5       6.1     18.777778\n2   20160603  68.4  77.9  55.6  22.3      12.8     20.222222\n25  20160626  69.6  77.7  60.3  17.4       9.3     20.888889\n    YEARMODA  TEMP   MAX   MIN  DIFF  DIFF_Min  TEMP_Celsius\n25  20160626  69.6  77.7  60.3  17.4       9.3     20.888889\n2   20160603  68.4  77.9  55.6  22.3      12.8     20.222222\n1   20160602  65.8  80.8  55.0  25.8      10.8     18.777778\n28  20160629  65.8  73.2  59.7  13.5       6.1     18.777778\n29  20160630  65.7  72.7  59.2  13.5       6.5     18.722222\n24  20160625  65.7  75.4  57.9  17.5       7.8     18.722222\n0   20160601  65.5  73.6  54.7  18.9      10.8     18.611111\n27  20160628  65.4  73.0  55.8  17.2       9.6     18.555556\n14  20160615  63.4  70.3  49.3  21.0      14.1     17.444444\n20  20160621  62.6  71.4  50.4  21.0      12.2     17.000000\n21  20160622  61.7  70.2  55.4  14.8       6.3     16.500000\n23  20160624  61.1  68.9  56.7  12.2       4.4     16.166667\n22  20160623  60.9  67.1  54.9  12.2       6.0     16.055556\n26  20160627  60.7  70.0  57.6  12.4       3.1     15.944444\n16  20160617  60.4  70.7  55.9  14.8       4.5     15.777778\n13  20160614  59.7  67.8  47.8  20.0      11.9     15.388889\n19  20160620  59.3  69.1  52.2  16.9       7.1     15.166667\n12  20160613  58.3  68.2  47.3  20.9      11.0     14.611111\n15  20160616  57.8  67.5  55.6  11.9       2.2     14.333333\n3   20160604  57.5  70.9  47.3  23.6      10.2     14.166667\n17  20160618  57.3  62.8  54.0   8.8       3.3     14.055556\n6   20160607  56.9  65.1  45.9  19.2      11.0     13.833333\n18  20160619  56.3  59.2  54.1   5.1       2.2     13.500000\n11  20160612  55.4  64.2  46.0  18.2       9.4     13.000000\n7   20160608  54.2  60.4  47.5  12.9       6.7     12.333333\n10  20160611  54.0  62.1  41.7  20.4      12.3     12.222222\n5   20160606  52.2  59.7  42.8  16.9       9.4     11.222222\n4   20160605  51.4  58.3  43.2  15.1       8.2     10.777778\n9   20160610  49.5  55.9  43.0  12.9       6.5      9.722222\n8   20160609  49.4  54.1  45.7   8.4       3.7      9.666667\n"
     ]
    }
   ],
   "source": [
    "w_temps2 = w_temps2.reset_index(drop=True)\n",
    "print(w_temps2)\n"
   ]
  },
  {
   "cell_type": "code",
   "execution_count": null,
   "metadata": {
    "collapsed": true
   },
   "outputs": [
    {
     "name": "stdout",
     "output_type": "stream",
     "text": [
      "    YEARMODA  TEMP   MAX   MIN  DIFF  DIFF_Min  TEMP_Celsius\n8   20160609  49.4  54.1  45.7   8.4       3.7      9.666667\n9   20160610  49.5  55.9  43.0  12.9       6.5      9.722222\n4   20160605  51.4  58.3  43.2  15.1       8.2     10.777778\n5   20160606  52.2  59.7  42.8  16.9       9.4     11.222222\n10  20160611  54.0  62.1  41.7  20.4      12.3     12.222222\n7   20160608  54.2  60.4  47.5  12.9       6.7     12.333333\n11  20160612  55.4  64.2  46.0  18.2       9.4     13.000000\n18  20160619  56.3  59.2  54.1   5.1       2.2     13.500000\n6   20160607  56.9  65.1  45.9  19.2      11.0     13.833333\n17  20160618  57.3  62.8  54.0   8.8       3.3     14.055556\n3   20160604  57.5  70.9  47.3  23.6      10.2     14.166667\n15  20160616  57.8  67.5  55.6  11.9       2.2     14.333333\n12  20160613  58.3  68.2  47.3  20.9      11.0     14.611111\n19  20160620  59.3  69.1  52.2  16.9       7.1     15.166667\n13  20160614  59.7  67.8  47.8  20.0      11.9     15.388889\n16  20160617  60.4  70.7  55.9  14.8       4.5     15.777778\n26  20160627  60.7  70.0  57.6  12.4       3.1     15.944444\n22  20160623  60.9  67.1  54.9  12.2       6.0     16.055556\n23  20160624  61.1  68.9  56.7  12.2       4.4     16.166667\n21  20160622  61.7  70.2  55.4  14.8       6.3     16.500000\n20  20160621  62.6  71.4  50.4  21.0      12.2     17.000000\n14  20160615  63.4  70.3  49.3  21.0      14.1     17.444444\n27  20160628  65.4  73.0  55.8  17.2       9.6     18.555556\n0   20160601  65.5  73.6  54.7  18.9      10.8     18.611111\n24  20160625  65.7  75.4  57.9  17.5       7.8     18.722222\n29  20160630  65.7  72.7  59.2  13.5       6.5     18.722222\n1   20160602  65.8  80.8  55.0  25.8      10.8     18.777778\n28  20160629  65.8  73.2  59.7  13.5       6.1     18.777778\n2   20160603  68.4  77.9  55.6  22.3      12.8     20.222222\n25  20160626  69.6  77.7  60.3  17.4       9.3     20.888889\n    YEARMODA  TEMP   MAX   MIN  DIFF  DIFF_Min  TEMP_Celsius\n25  20160626  69.6  77.7  60.3  17.4       9.3     20.888889\n2   20160603  68.4  77.9  55.6  22.3      12.8     20.222222\n1   20160602  65.8  80.8  55.0  25.8      10.8     18.777778\n28  20160629  65.8  73.2  59.7  13.5       6.1     18.777778\n29  20160630  65.7  72.7  59.2  13.5       6.5     18.722222\n24  20160625  65.7  75.4  57.9  17.5       7.8     18.722222\n0   20160601  65.5  73.6  54.7  18.9      10.8     18.611111\n27  20160628  65.4  73.0  55.8  17.2       9.6     18.555556\n14  20160615  63.4  70.3  49.3  21.0      14.1     17.444444\n20  20160621  62.6  71.4  50.4  21.0      12.2     17.000000\n21  20160622  61.7  70.2  55.4  14.8       6.3     16.500000\n23  20160624  61.1  68.9  56.7  12.2       4.4     16.166667\n22  20160623  60.9  67.1  54.9  12.2       6.0     16.055556\n26  20160627  60.7  70.0  57.6  12.4       3.1     15.944444\n16  20160617  60.4  70.7  55.9  14.8       4.5     15.777778\n13  20160614  59.7  67.8  47.8  20.0      11.9     15.388889\n19  20160620  59.3  69.1  52.2  16.9       7.1     15.166667\n12  20160613  58.3  68.2  47.3  20.9      11.0     14.611111\n15  20160616  57.8  67.5  55.6  11.9       2.2     14.333333\n3   20160604  57.5  70.9  47.3  23.6      10.2     14.166667\n17  20160618  57.3  62.8  54.0   8.8       3.3     14.055556\n6   20160607  56.9  65.1  45.9  19.2      11.0     13.833333\n18  20160619  56.3  59.2  54.1   5.1       2.2     13.500000\n11  20160612  55.4  64.2  46.0  18.2       9.4     13.000000\n7   20160608  54.2  60.4  47.5  12.9       6.7     12.333333\n10  20160611  54.0  62.1  41.7  20.4      12.3     12.222222\n5   20160606  52.2  59.7  42.8  16.9       9.4     11.222222\n4   20160605  51.4  58.3  43.2  15.1       8.2     10.777778\n9   20160610  49.5  55.9  43.0  12.9       6.5      9.722222\n8   20160609  49.4  54.1  45.7   8.4       3.7      9.666667\n"
     ]
    }
   ],
   "source": [
    "# dealing with NaNs\n",
    "w_temps2.loc[:4, 'TEMP_Celsius'] = None\n",
    "print(w_temps2)\n"
   ]
  },
  {
   "cell_type": "code",
   "execution_count": null,
   "metadata": {
    "collapsed": true
   },
   "outputs": [
    {
     "name": "stdout",
     "output_type": "stream",
     "text": [
      "    YEARMODA  TEMP   MAX   MIN  DIFF  DIFF_Min  TEMP_Celsius\n8   20160609  49.4  54.1  45.7   8.4       3.7      9.666667\n9   20160610  49.5  55.9  43.0  12.9       6.5      9.722222\n4   20160605  51.4  58.3  43.2  15.1       8.2     10.777778\n5   20160606  52.2  59.7  42.8  16.9       9.4     11.222222\n10  20160611  54.0  62.1  41.7  20.4      12.3     12.222222\n7   20160608  54.2  60.4  47.5  12.9       6.7     12.333333\n11  20160612  55.4  64.2  46.0  18.2       9.4     13.000000\n18  20160619  56.3  59.2  54.1   5.1       2.2     13.500000\n6   20160607  56.9  65.1  45.9  19.2      11.0     13.833333\n17  20160618  57.3  62.8  54.0   8.8       3.3     14.055556\n3   20160604  57.5  70.9  47.3  23.6      10.2     14.166667\n15  20160616  57.8  67.5  55.6  11.9       2.2     14.333333\n12  20160613  58.3  68.2  47.3  20.9      11.0     14.611111\n19  20160620  59.3  69.1  52.2  16.9       7.1     15.166667\n13  20160614  59.7  67.8  47.8  20.0      11.9     15.388889\n16  20160617  60.4  70.7  55.9  14.8       4.5     15.777778\n26  20160627  60.7  70.0  57.6  12.4       3.1     15.944444\n22  20160623  60.9  67.1  54.9  12.2       6.0     16.055556\n23  20160624  61.1  68.9  56.7  12.2       4.4     16.166667\n21  20160622  61.7  70.2  55.4  14.8       6.3     16.500000\n20  20160621  62.6  71.4  50.4  21.0      12.2     17.000000\n14  20160615  63.4  70.3  49.3  21.0      14.1     17.444444\n27  20160628  65.4  73.0  55.8  17.2       9.6     18.555556\n0   20160601  65.5  73.6  54.7  18.9      10.8     18.611111\n24  20160625  65.7  75.4  57.9  17.5       7.8     18.722222\n29  20160630  65.7  72.7  59.2  13.5       6.5     18.722222\n1   20160602  65.8  80.8  55.0  25.8      10.8     18.777778\n28  20160629  65.8  73.2  59.7  13.5       6.1     18.777778\n2   20160603  68.4  77.9  55.6  22.3      12.8     20.222222\n25  20160626  69.6  77.7  60.3  17.4       9.3     20.888889\n    YEARMODA  TEMP   MAX   MIN  DIFF  DIFF_Min  TEMP_Celsius\n25  20160626  69.6  77.7  60.3  17.4       9.3     20.888889\n2   20160603  68.4  77.9  55.6  22.3      12.8     20.222222\n1   20160602  65.8  80.8  55.0  25.8      10.8     18.777778\n28  20160629  65.8  73.2  59.7  13.5       6.1     18.777778\n29  20160630  65.7  72.7  59.2  13.5       6.5     18.722222\n24  20160625  65.7  75.4  57.9  17.5       7.8     18.722222\n0   20160601  65.5  73.6  54.7  18.9      10.8     18.611111\n27  20160628  65.4  73.0  55.8  17.2       9.6     18.555556\n14  20160615  63.4  70.3  49.3  21.0      14.1     17.444444\n20  20160621  62.6  71.4  50.4  21.0      12.2     17.000000\n21  20160622  61.7  70.2  55.4  14.8       6.3     16.500000\n23  20160624  61.1  68.9  56.7  12.2       4.4     16.166667\n22  20160623  60.9  67.1  54.9  12.2       6.0     16.055556\n26  20160627  60.7  70.0  57.6  12.4       3.1     15.944444\n16  20160617  60.4  70.7  55.9  14.8       4.5     15.777778\n13  20160614  59.7  67.8  47.8  20.0      11.9     15.388889\n19  20160620  59.3  69.1  52.2  16.9       7.1     15.166667\n12  20160613  58.3  68.2  47.3  20.9      11.0     14.611111\n15  20160616  57.8  67.5  55.6  11.9       2.2     14.333333\n3   20160604  57.5  70.9  47.3  23.6      10.2     14.166667\n17  20160618  57.3  62.8  54.0   8.8       3.3     14.055556\n6   20160607  56.9  65.1  45.9  19.2      11.0     13.833333\n18  20160619  56.3  59.2  54.1   5.1       2.2     13.500000\n11  20160612  55.4  64.2  46.0  18.2       9.4     13.000000\n7   20160608  54.2  60.4  47.5  12.9       6.7     12.333333\n10  20160611  54.0  62.1  41.7  20.4      12.3     12.222222\n5   20160606  52.2  59.7  42.8  16.9       9.4     11.222222\n4   20160605  51.4  58.3  43.2  15.1       8.2     10.777778\n9   20160610  49.5  55.9  43.0  12.9       6.5      9.722222\n8   20160609  49.4  54.1  45.7   8.4       3.7      9.666667\n"
     ]
    }
   ],
   "source": [
    "# remove the NoData values\n",
    "w_temps_clean = w_temps2.dropna(subset=['TEMP_Celsius'])\n",
    "print(w_temps_clean)\n"
   ]
  },
  {
   "cell_type": "code",
   "execution_count": null,
   "metadata": {
    "collapsed": true
   },
   "outputs": [
    {
     "name": "stdout",
     "output_type": "stream",
     "text": [
      "    YEARMODA  TEMP   MAX   MIN  DIFF  DIFF_Min  TEMP_Celsius\n8   20160609  49.4  54.1  45.7   8.4       3.7      9.666667\n9   20160610  49.5  55.9  43.0  12.9       6.5      9.722222\n4   20160605  51.4  58.3  43.2  15.1       8.2     10.777778\n5   20160606  52.2  59.7  42.8  16.9       9.4     11.222222\n10  20160611  54.0  62.1  41.7  20.4      12.3     12.222222\n7   20160608  54.2  60.4  47.5  12.9       6.7     12.333333\n11  20160612  55.4  64.2  46.0  18.2       9.4     13.000000\n18  20160619  56.3  59.2  54.1   5.1       2.2     13.500000\n6   20160607  56.9  65.1  45.9  19.2      11.0     13.833333\n17  20160618  57.3  62.8  54.0   8.8       3.3     14.055556\n3   20160604  57.5  70.9  47.3  23.6      10.2     14.166667\n15  20160616  57.8  67.5  55.6  11.9       2.2     14.333333\n12  20160613  58.3  68.2  47.3  20.9      11.0     14.611111\n19  20160620  59.3  69.1  52.2  16.9       7.1     15.166667\n13  20160614  59.7  67.8  47.8  20.0      11.9     15.388889\n16  20160617  60.4  70.7  55.9  14.8       4.5     15.777778\n26  20160627  60.7  70.0  57.6  12.4       3.1     15.944444\n22  20160623  60.9  67.1  54.9  12.2       6.0     16.055556\n23  20160624  61.1  68.9  56.7  12.2       4.4     16.166667\n21  20160622  61.7  70.2  55.4  14.8       6.3     16.500000\n20  20160621  62.6  71.4  50.4  21.0      12.2     17.000000\n14  20160615  63.4  70.3  49.3  21.0      14.1     17.444444\n27  20160628  65.4  73.0  55.8  17.2       9.6     18.555556\n0   20160601  65.5  73.6  54.7  18.9      10.8     18.611111\n24  20160625  65.7  75.4  57.9  17.5       7.8     18.722222\n29  20160630  65.7  72.7  59.2  13.5       6.5     18.722222\n1   20160602  65.8  80.8  55.0  25.8      10.8     18.777778\n28  20160629  65.8  73.2  59.7  13.5       6.1     18.777778\n2   20160603  68.4  77.9  55.6  22.3      12.8     20.222222\n25  20160626  69.6  77.7  60.3  17.4       9.3     20.888889\n    YEARMODA  TEMP   MAX   MIN  DIFF  DIFF_Min  TEMP_Celsius\n25  20160626  69.6  77.7  60.3  17.4       9.3     20.888889\n2   20160603  68.4  77.9  55.6  22.3      12.8     20.222222\n1   20160602  65.8  80.8  55.0  25.8      10.8     18.777778\n28  20160629  65.8  73.2  59.7  13.5       6.1     18.777778\n29  20160630  65.7  72.7  59.2  13.5       6.5     18.722222\n24  20160625  65.7  75.4  57.9  17.5       7.8     18.722222\n0   20160601  65.5  73.6  54.7  18.9      10.8     18.611111\n27  20160628  65.4  73.0  55.8  17.2       9.6     18.555556\n14  20160615  63.4  70.3  49.3  21.0      14.1     17.444444\n20  20160621  62.6  71.4  50.4  21.0      12.2     17.000000\n21  20160622  61.7  70.2  55.4  14.8       6.3     16.500000\n23  20160624  61.1  68.9  56.7  12.2       4.4     16.166667\n22  20160623  60.9  67.1  54.9  12.2       6.0     16.055556\n26  20160627  60.7  70.0  57.6  12.4       3.1     15.944444\n16  20160617  60.4  70.7  55.9  14.8       4.5     15.777778\n13  20160614  59.7  67.8  47.8  20.0      11.9     15.388889\n19  20160620  59.3  69.1  52.2  16.9       7.1     15.166667\n12  20160613  58.3  68.2  47.3  20.9      11.0     14.611111\n15  20160616  57.8  67.5  55.6  11.9       2.2     14.333333\n3   20160604  57.5  70.9  47.3  23.6      10.2     14.166667\n17  20160618  57.3  62.8  54.0   8.8       3.3     14.055556\n6   20160607  56.9  65.1  45.9  19.2      11.0     13.833333\n18  20160619  56.3  59.2  54.1   5.1       2.2     13.500000\n11  20160612  55.4  64.2  46.0  18.2       9.4     13.000000\n7   20160608  54.2  60.4  47.5  12.9       6.7     12.333333\n10  20160611  54.0  62.1  41.7  20.4      12.3     12.222222\n5   20160606  52.2  59.7  42.8  16.9       9.4     11.222222\n4   20160605  51.4  58.3  43.2  15.1       8.2     10.777778\n9   20160610  49.5  55.9  43.0  12.9       6.5      9.722222\n8   20160609  49.4  54.1  45.7   8.4       3.7      9.666667\n"
     ]
    }
   ],
   "source": [
    "# fill NoData with 0\n",
    "w_temps_na_filled = w_temps2.fillna(0)\n",
    "print(w_temps_na_filled)\n"
   ]
  },
  {
   "cell_type": "code",
   "execution_count": 44,
   "metadata": {
    "collapsed": true
   },
   "outputs": [
    {
     "name": "stdout",
     "output_type": "stream",
     "text": [
      "    YEARMODA  TEMP   MAX   MIN  DIFF  DIFF_Min  TEMP_Celsius\n8   20160609  49.4  54.1  45.7   8.4       3.7      9.666667\n9   20160610  49.5  55.9  43.0  12.9       6.5      9.722222\n4   20160605  51.4  58.3  43.2  15.1       8.2     10.777778\n5   20160606  52.2  59.7  42.8  16.9       9.4     11.222222\n10  20160611  54.0  62.1  41.7  20.4      12.3     12.222222\n7   20160608  54.2  60.4  47.5  12.9       6.7     12.333333\n11  20160612  55.4  64.2  46.0  18.2       9.4     13.000000\n18  20160619  56.3  59.2  54.1   5.1       2.2     13.500000\n6   20160607  56.9  65.1  45.9  19.2      11.0     13.833333\n17  20160618  57.3  62.8  54.0   8.8       3.3     14.055556\n3   20160604  57.5  70.9  47.3  23.6      10.2     14.166667\n15  20160616  57.8  67.5  55.6  11.9       2.2     14.333333\n12  20160613  58.3  68.2  47.3  20.9      11.0     14.611111\n19  20160620  59.3  69.1  52.2  16.9       7.1     15.166667\n13  20160614  59.7  67.8  47.8  20.0      11.9     15.388889\n16  20160617  60.4  70.7  55.9  14.8       4.5     15.777778\n26  20160627  60.7  70.0  57.6  12.4       3.1     15.944444\n22  20160623  60.9  67.1  54.9  12.2       6.0     16.055556\n23  20160624  61.1  68.9  56.7  12.2       4.4     16.166667\n21  20160622  61.7  70.2  55.4  14.8       6.3     16.500000\n20  20160621  62.6  71.4  50.4  21.0      12.2     17.000000\n14  20160615  63.4  70.3  49.3  21.0      14.1     17.444444\n27  20160628  65.4  73.0  55.8  17.2       9.6     18.555556\n0   20160601  65.5  73.6  54.7  18.9      10.8     18.611111\n24  20160625  65.7  75.4  57.9  17.5       7.8     18.722222\n29  20160630  65.7  72.7  59.2  13.5       6.5     18.722222\n1   20160602  65.8  80.8  55.0  25.8      10.8     18.777778\n28  20160629  65.8  73.2  59.7  13.5       6.1     18.777778\n2   20160603  68.4  77.9  55.6  22.3      12.8     20.222222\n25  20160626  69.6  77.7  60.3  17.4       9.3     20.888889\n    YEARMODA  TEMP   MAX   MIN  DIFF  DIFF_Min  TEMP_Celsius\n25  20160626  69.6  77.7  60.3  17.4       9.3     20.888889\n2   20160603  68.4  77.9  55.6  22.3      12.8     20.222222\n1   20160602  65.8  80.8  55.0  25.8      10.8     18.777778\n28  20160629  65.8  73.2  59.7  13.5       6.1     18.777778\n29  20160630  65.7  72.7  59.2  13.5       6.5     18.722222\n24  20160625  65.7  75.4  57.9  17.5       7.8     18.722222\n0   20160601  65.5  73.6  54.7  18.9      10.8     18.611111\n27  20160628  65.4  73.0  55.8  17.2       9.6     18.555556\n14  20160615  63.4  70.3  49.3  21.0      14.1     17.444444\n20  20160621  62.6  71.4  50.4  21.0      12.2     17.000000\n21  20160622  61.7  70.2  55.4  14.8       6.3     16.500000\n23  20160624  61.1  68.9  56.7  12.2       4.4     16.166667\n22  20160623  60.9  67.1  54.9  12.2       6.0     16.055556\n26  20160627  60.7  70.0  57.6  12.4       3.1     15.944444\n16  20160617  60.4  70.7  55.9  14.8       4.5     15.777778\n13  20160614  59.7  67.8  47.8  20.0      11.9     15.388889\n19  20160620  59.3  69.1  52.2  16.9       7.1     15.166667\n12  20160613  58.3  68.2  47.3  20.9      11.0     14.611111\n15  20160616  57.8  67.5  55.6  11.9       2.2     14.333333\n3   20160604  57.5  70.9  47.3  23.6      10.2     14.166667\n17  20160618  57.3  62.8  54.0   8.8       3.3     14.055556\n6   20160607  56.9  65.1  45.9  19.2      11.0     13.833333\n18  20160619  56.3  59.2  54.1   5.1       2.2     13.500000\n11  20160612  55.4  64.2  46.0  18.2       9.4     13.000000\n7   20160608  54.2  60.4  47.5  12.9       6.7     12.333333\n10  20160611  54.0  62.1  41.7  20.4      12.3     12.222222\n5   20160606  52.2  59.7  42.8  16.9       9.4     11.222222\n4   20160605  51.4  58.3  43.2  15.1       8.2     10.777778\n9   20160610  49.5  55.9  43.0  12.9       6.5      9.722222\n8   20160609  49.4  54.1  45.7   8.4       3.7      9.666667\n"
     ]
    }
   ],
   "source": [
    "# sort values in ascending order\n",
    "sorted_temp_a = dataFrame.sort_values(by='TEMP')\n",
    "print(sorted_temp_a)\n",
    "\n",
    "# sort values in descending order\n",
    "sorted_temp_d = dataFrame.sort_values(by='TEMP', ascending=False)\n",
    "print(sorted_temp_d)"
   ]
  }
 ],
 "metadata": {
  "kernelspec": {
   "display_name": "Python 2",
   "language": "python",
   "name": "python2"
  },
  "language_info": {
   "codemirror_mode": {
    "name": "ipython",
    "version": 2
   },
   "file_extension": ".py",
   "mimetype": "text/x-python",
   "name": "python",
   "nbconvert_exporter": "python",
   "pygments_lexer": "ipython2",
   "version": "2.7.6"
  }
 },
 "nbformat": 4,
 "nbformat_minor": 0
}
